topaz	"ID,"	WEPP	"ID,"	area	(cells)
22	1	225			
23	2	129			
32	3	141			
33	4	83			
42	5	9			
43	6	22			
52	7	276			
51	8	115			
53	9	85			
62	10	17			
63	11	13			
72	12	1			
81	13	113			
82	14	7			
83	15	11			
92	16	278			
93	17	224			
101	18	112			
103	19	15			
102	20	8			
113	21	6			
112	22	6			
122	23	18			
123	24	60			
132	25	223			
133	26	207			
142	27	204			
141	28	120			
143	29	89			
152	30	61			
153	31	60			
151	32	111			
162	33	32			
163	34	49			
171	35	114			
172	36	83			
173	37	132			
182	38	175			
183	39	123			
191	40	119			
192	41	28			
193	42	82			
202	43	122			
203	44	125			
212	45	118			
213	46	70			
222	47	113			
223	48	34			
232	49	140			
233	50	74			
241	51	115			
242	52	308			
243	53	325			
251	54	111			
252	55	15			
253	56	21			
263	57	6			
262	58	6			
272	59	212			
273	60	328			
281	61	114			
283	62	56			
282	63	72			
292	64	66			
293	65	137			
302	66	55			
303	67	29			
311	68	116			
312	69	69			
313	70	52			
322	71	147			
323	72	77			
331	73	122			
332	74	46			
333	75	48			
341	76	122			
342	77	21			
343	78	50			
351	79	127			
352	80	27			
353	81	64			
363	82	129			
362	83	54			
372	84	150			
373	85	145			
382	86	39			
381	87	113			
383	88	39			
392	89	110			
393	90	166			
403	91	2			
411	92	130			
412	93	54			
413	94	6			
422	95	82			
423	96	8			
432	97	44			
433	98	59			
442	99	73			
443	100	155			
452	101	84			
453	102	11			
462	103	103			
463	104	119			
472	105	155			
473	106	5			
481	107	116			
482	108	24			
483	109	8			
492	110	19			
493	111	20			
501	112	116			
502	113	120			
503	114	63			
511	115	113			
512	116	199			
513	117	233			
522	118	19			
523	119	31			
532	120	25			
533	121	33			
542	122	22			
543	123	55			
552	124	112			
553	125	62			
561	126	116			
562	127	145			
563	128	94			
571	129	118			
572	130	55			
573	131	113			
582	132	48			
583	133	8			
591	134	127			
592	135	57			
593	136	54			
602	137	142			
603	138	42			
611	139	119			
612	140	53			
613	141	42			
623	142	1			
622	143	6			
632	144	86			
633	145	5			
642	146	6			
643	147	28			
652	148	113			
653	149	179			
661	150	121			
663	151	231			
662	152	50			
671	153	156			
672	154	24			
673	155	39			
682	156	40			
683	157	20			
692	158	17			
693	159	12			
702	160	8			
703	161	4			
711	162	114			
712	163	37			
713	164	41			
722	165	171			
723	166	160			
732	167	7			
741	168	112			
742	169	24			
743	170	15			
752	171	11			
753	172	33			
762	173	230			
761	174	119			
763	175	69			
772	176	16			
773	177	34			
782	178	113			
783	179	151			
791	180	169			
792	181	149			
793	182	76			
801	183	112			
802	184	8			
803	185	28			
813	186	22			
822	187	272			
823	188	364			
832	189	3			
833	190	7			
841	191	115			
842	192	218			
843	193	288			
852	194	85			
853	195	89			
861	196	113			
862	197	4			
863	198	6			
872	199	120			
873	200	97			
881	201	120			
882	202	148			
883	203	71			
892	204	7			
893	205	29			
901	206	112			
903	207	414			
902	208	156			
912	209	2			
922	210	130			
923	211	83			
931	212	112			
932	213	85			
933	214	31			
942	215	3			
943	216	135			
952	217	183			
953	218	237			
961	219	137			
963	220	31			
962	221	36			
973	222	2			
982	223	3			
983	224	3			
991	225	132			
992	226	177			
993	227	113			
1001	228	167			
1002	229	76			
1003	230	50			
1011	231	111			
1012	232	48			
1013	233	86			
1022	234	103			
1023	235	26			
1032	236	7			
1033	237	12			
1041	238	116			
1042	239	138			
1043	240	76			
1052	241	76			
1053	242	34			
1062	243	210			
1063	244	202			
1072	245	95			
1073	246	200			
1082	247	65			
1083	248	65			
1092	249	32			
1093	250	7			
1101	251	112			
1102	252	19			
1103	253	11			
1112	254	52			
1113	255	65			
1121	256	120			
1122	257	75			
1123	258	47			
1131	259	117			
1132	260	30			
1133	261	43			
1141	262	115			
1142	263	10			
1143	264	20			
1151	265	116			
1152	266	58			
1153	267	50			
1162	268	57			
1163	269	40			
1172	270	16			
1181	271	116			
1183	272	55			
1182	273	35			
1192	274	1			
1202	275	115			
1203	276	221			
1211	277	114			
1212	278	421			
1213	279	502			
1222	280	60			
1223	281	40			
1232	282	196			
1233	283	38			
1242	284	293			
1243	285	95			
1252	286	579			
1251	287	111			
1253	288	361			
1262	289	10			
1263	290	76			
1271	291	117			
1272	292	123			
1273	293	176			
1282	294	257			
1283	295	208			
1291	296	111			
1292	297	83			
1293	298	85			
1302	299	17			
1303	300	129			
1312	301	80			
1313	302	59			
1321	303	142			
1322	304	125			
1323	305	37			
1332	306	106			
1333	307	26			
1342	308	10			
1343	309	68			
1351	310	112			
1352	311	109			
1353	312	101			
1362	313	23			
1363	314	61			
1372	315	109			
1373	316	15			
1382	317	117			
1383	318	65			
1391	319	114			
1393	320	5			
1392	321	7			
1402	322	74			
1403	323	74			
1411	324	122			
1412	325	79			
1413	326	54			
1421	327	138			
1422	328	99			
1423	329	114			
1432	330	7			
1433	331	10			
1442	332	370			
1443	333	427			
1451	334	113			
1453	335	50			
1452	336	163			
1461	337	118			
1462	338	121			
1463	339	112			
1471	340	122			
1472	341	294			
1473	342	504			
1482	343	103			
1483	344	440			
1492	345	99			
1493	346	51			
1502	347	168			
1503	348	196			
1512	349	159			
1513	350	66			
1521	351	117			
1523	352	186			
1522	353	142			
1532	354	159			
1531	355	125			
1533	356	43			
1542	357	1			
1552	358	4			
1553	359	2			
1562	360	68			
1563	361	32			
1571	362	124			
1572	363	71			
1573	364	45			
1581	365	140			
1582	366	34			
1583	367	146			
1592	368	8			
1591	369	121			
1593	370	11			
1602	371	50			
1603	372	42			
1601	373	114			
1611	374	112			
1612	375	97			
1613	376	78			
1622	377	12			
1623	378	3			
1632	379	92			
1633	380	129			
1641	381	157			
1642	382	59			
1643	383	72			
1653	384	51			
1652	385	147			
1651	386	139			
1663	387	6			
1662	388	40			
1661	389	115			
1673	390	293			
1672	391	169			
1671	392	166			
1682	393	17			
1683	394	18			
1681	395	167			
1692	396	54			
1693	397	90			
1701	398	139			
1702	399	28			
1703	400	14			
1712	401	88			
1713	402	93			
1721	403	196			
1722	404	53			
1723	405	37			
1733	406	5			
1732	407	1			
1742	408	55			
1743	409	30			
1752	410	408			
1753	411	466			
1762	412	15			
1763	413	2			
1773	414	14			
1781	415	122			
1783	416	39			
1782	417	49			
1791	418	112			
1792	419	147			
1793	420	281			
1801	421	152			
1802	422	84			
1803	423	64			
1813	424	92			
1812	425	35			
1821	426	111			
1823	427	6			
1832	428	134			
1842	429	30			
1843	430	73			
1851	431	173			
1852	432	335			
1853	433	303			
1862	434	19			
1863	435	123			
1872	436	8			
1881	437	117			
1882	438	60			
1883	439	65			
1892	440	128			
1893	441	115			
1902	442	331			
1903	443	190			
1921	444	123			
1923	445	46			
1922	446	67			
1942	447	63			
1943	448	56			
1951	449	153			
1952	450	9			
1953	451	9			
1962	452	24			
1963	453	13			
1972	454	47			
1973	455	29			
1982	456	148			
1983	457	50			
1991	458	115			
1992	459	291			
1993	460	182			
2001	461	113			
2002	462	18			
2003	463	22			
2012	464	242			
2011	465	113			
2013	466	174			
2021	467	116			
2022	468	14			
2023	469	18			
2031	470	111			
2032	471	22			
2033	472	63			
2042	473	153			
2043	474	158			
2051	475	113			
2052	476	142			
2053	477	104			
2063	478	17			
2062	479	2			
2072	480	150			
2073	481	282			
2081	482	115			
2082	483	104			
2083	484	144			
2092	485	260			
2093	486	531			
2102	487	292			
2103	488	71			
2113	489	25			
2112	490	55			
2121	491	119			
2123	492	18			
2122	493	26			
2132	494	165			
2133	495	93			
2141	496	113			
2143	497	30			
2142	498	46			
2152	499	9			
2153	500	67			
2162	501	172			
2163	502	130			
2171	503	156			
2172	504	77			
2173	505	34			
2181	506	117			
2182	507	45			
2183	508	66			
2191	509	123			
2192	510	20			
2193	511	46			
2202	512	135			
2203	513	241			
2212	514	145			
2213	515	60			
2222	516	122			
2223	517	134			
2232	518	175			
2233	519	38			
2241	520	111			
2242	521	104			
2243	522	173			
2252	523	197			
2253	524	280			
2261	525	111			
2263	526	47			
2262	527	84			
2272	528	4			
2273	529	18			
2291	530	136			
2293	531	193			
2292	532	81			
2301	533	124			
2302	534	16			
2303	535	4			
2312	536	81			
2313	537	133			
2311	538	115			
2321	539	209			
2323	540	3			
2332	541	87			
2333	542	236			
2341	543	123			
2342	544	117			
2343	545	81			
2352	546	115			
2353	547	37			
2362	548	128			
2363	549	18			
2372	550	27			
2373	551	26			
2381	552	114			
2383	553	160			
2382	554	50			
2392	555	33			
2393	556	22			
2402	557	3			
2403	558	2			
2411	559	117			
2412	560	57			
2413	561	27			
2423	562	5			
2431	563	117			
2432	564	78			
2433	565	12			
2441	566	113			
2442	567	29			
2443	568	127			
2453	569	45			
2452	570	61			
2451	571	150			
2462	572	7			
2463	573	14			
2461	574	113			
2473	575	44			
2472	576	27			
2471	577	124			
2481	578	119			
2482	579	9			
2483	580	13			
2492	581	45			
2493	582	7			
2502	583	119			
2503	584	50			
2512	585	203			
2511	586	111			
2513	587	150			
2521	588	114			
2522	589	26			
2523	590	42			
2532	591	139			
2533	592	392			
2542	593	134			
2543	594	98			
2551	595	115			
2552	596	70			
2553	597	273			
2562	598	25			
2563	599	27			
2572	600	24			
2573	601	3			
2581	602	114			
2583	603	124			
2582	604	58			
2592	605	195			
2593	606	279			
2601	607	111			
2602	608	65			
2603	609	24			
2612	610	182			
2613	611	52			
2611	612	194			
2622	613	53			
2623	614	93			
2632	615	137			
2633	616	25			
2631	617	113			
2643	618	38			
2642	619	15			
2641	620	121			
2652	621	294			
2653	622	205			
2651	623	115			
2663	624	2			
2661	625	119			
2662	626	1			
2672	627	56			
2673	628	182			
2681	629	136			
2682	630	10			
2683	631	5			
2692	632	338			
2693	633	430			
2712	634	57			
2713	635	39			
2722	636	109			
2721	637	119			
2723	638	48			
2732	639	197			
2733	640	117			
2742	641	106			
2743	642	70			
2751	643	130			
2752	644	24			
2753	645	10			
2762	646	19			
2763	647	120			
2771	648	112			
2772	649	102			
2773	650	25			
2782	651	122			
2783	652	85			
2791	653	115			
2792	654	59			
2793	655	136			
2803	656	11			
2813	657	13			
2822	658	41			
2823	659	41			
2831	660	120			
2832	661	116			
2833	662	59			
2841	663	118			
2842	664	42			
2843	665	114			
2852	666	6			
2853	667	17			
2862	668	171			
2863	669	199			
2872	670	25			
2873	671	2			
2882	672	159			
2883	673	106			
2891	674	112			
2892	675	80			
2893	676	78			
2901	677	121			
2902	678	12			
2903	679	38			
2921	680	111			
2922	681	99			
2923	682	90			
2932	683	5			
2933	684	1			
2943	685	13			
2951	686	112			
2952	687	34			
2953	688	36			
2962	689	7			
2963	690	6			
2971	691	145			
2972	692	62			
2973	693	91			
2982	694	55			
2983	695	28			
2992	696	55			
2993	697	59			
3001	698	117			
3003	699	31			
3002	700	23			
3011	701	176			
3012	702	119			
3013	703	58			
3022	704	40			
3023	705	40			
3031	706	119			
3032	707	51			
3033	708	76			
3042	709	149			
3043	710	165			
3052	711	9			
3053	712	24			
3071	713	155			
3072	714	24			
3073	715	16			
3082	716	38			
3083	717	6			
3092	718	163			
3093	719	122			
3102	720	9			
3103	721	2			
3111	722	111			
3113	723	142			
3112	724	220			
3122	725	44			
3123	726	13			
3132	727	174			
3133	728	214			
3143	729	352			
3142	730	221			
3151	731	129			
3153	732	10			
3152	733	10			
3162	734	153			
3161	735	112			
3163	736	41			
3172	737	66			
3173	738	16			
3182	739	1			
3183	740	6			
3192	741	15			
3193	742	20			
3201	743	116			
3203	744	147			
3202	745	109			
3212	746	108			
3213	747	28			
3221	748	113			
3223	749	51			
3222	750	73			
3232	751	79			
3233	752	143			
3242	753	218			
3243	754	163			
3253	755	22			
3252	756	32			
3263	757	4			
3262	758	2			
3271	759	115			
3273	760	11			
3272	761	72			
3281	762	123			
3282	763	316			
3283	764	129			
3291	765	123			
3292	766	20			
3293	767	16			
3301	768	117			
3302	769	42			
3303	770	62			
3312	771	27			
3313	772	38			
3322	773	286			
3323	774	290			
3331	775	113			
3332	776	98			
3333	777	53			
3341	778	156			
3343	779	145			
3342	780	38			
3353	781	5			
3361	782	114			
3362	783	9			
3363	784	10			
3372	785	48			
3373	786	215			
3382	787	531			
3383	788	435			
3391	789	121			
3393	790	112			
3392	791	18			
3401	792	121			
3402	793	34			
3403	794	49			
3413	795	16			
3412	796	3			
3422	797	36			
3423	798	20			
3432	799	134			
3433	800	120			
3442	801	239			
3443	802	251			
3452	803	6			
3453	804	10			
3461	805	123			
3463	806	14			
3462	807	40			
3471	808	117			
3472	809	8			
3473	810	25			
3482	811	3			
3483	812	7			
3492	813	31			
3493	814	119			
3501	815	112			
3503	816	163			
3502	817	206			
3512	818	175			
3513	819	170			
3522	820	261			
3521	821	124			
3523	822	187			
3532	823	63			
3533	824	114			
3531	825	121			
3542	826	53			
3543	827	79			
3541	828	114			
3551	829	143			
3552	830	48			
3553	831	121			
3562	832	306			
3563	833	169			
3572	834	53			
3573	835	12			
3581	836	114			
3582	837	31			
3583	838	6			
3592	839	111			
3593	840	176			
3602	841	362			
3603	842	147			
3612	843	3			
3621	844	140			
3623	845	117			
3622	846	167			
3632	847	83			
3633	848	32			
3642	849	32			
3643	850	35			
3651	851	130			
3652	852	66			
3653	853	76			
3661	854	121			
3662	855	19			
3663	856	67			
3672	857	7			
3673	858	16			
3671	859	115			
3682	860	7			
3681	861	153			
3683	862	10			
3692	863	15			
3693	864	123			
3702	865	32			
3703	866	69			
3712	867	214			
3711	868	121			
3713	869	108			
3721	870	111			
3722	871	25			
3723	872	41			
3732	873	90			
3733	874	81			
3742	875	132			
3743	876	81			
3752	877	41			
3753	878	38			
3761	879	112			
3762	880	234			
3763	881	259			
3772	882	58			
3773	883	24			
3782	884	16			
3783	885	28			
3791	886	113			
3792	887	235			
3793	888	214			
3802	889	26			
3803	890	17			
3812	891	81			
3813	892	60			
3811	893	129			
3823	894	153			
3822	895	166			
3821	896	111			
3833	897	284			
3832	898	250			
3831	899	116			
3843	900	30			
3842	901	86			
3841	902	112			
3853	903	14			
3852	904	72			
3863	905	506			
3862	906	281			
3861	907	118			
3873	908	28			
3871	909	113			
3872	910	7			
3882	911	75			
3883	912	61			
3893	913	34			
3892	914	61			
3891	915	115			
3903	916	140			
3902	917	12			
3912	918	54			
3913	919	25			
3922	920	25			
3921	921	120			
3923	922	23			
3933	923	85			
3932	924	250			
3942	925	22			
3941	926	127			
3943	927	72			
3953	928	73			
3952	929	46			
3951	930	123			
3963	931	35			
3962	932	65			
3973	933	18			
3972	934	15			
3982	935	138			
3983	936	50			
3981	937	141			
3993	938	5			
3992	939	4			
4003	940	115			
4002	941	276			
4001	942	117			
4011	943	139			
4013	944	13			
4012	945	2			
4023	946	124			
4021	947	139			
4022	948	32			
4033	949	14			
4032	950	2			
4042	951	113			
4043	952	35			
4041	953	111			
4053	954	44			
4052	955	93			
4051	956	112			
4061	957	112			
4062	958	20			
4063	959	75			
4072	960	81			
4073	961	114			
4082	962	185			
4081	963	112			
4083	964	161			
4093	965	9			
4092	966	10			
4102	967	132			
4103	968	145			
4101	969	118			
4113	970	181			
4112	971	168			
4111	972	170			
4123	973	2			
4132	974	60			
4133	975	136			
4131	976	113			
4143	977	67			
4142	978	22			
4141	979	163			
4152	980	38			
4153	981	1			
4151	982	121			
4163	983	84			
4162	984	14			
4161	985	115			
4172	986	54			
4173	987	19			
4171	988	172			
4183	989	119			
4182	990	172			
4181	991	192			
4193	992	88			
4192	993	50			
4191	994	152			
4203	995	180			
4202	996	41			
4213	997	62			
4212	998	190			
4211	999	113			
4223	1000	89			
4222	1001	20			
4221	1002	112			
4232	1003	17			
4233	1004	22			
4231	1005	114			
4243	1006	39			
4242	1007	28			
4241	1008	168			
4252	1009	1			
4253	1010	1			
4263	1011	40			
4262	1012	3			
4261	1013	112			
4272	1014	40			
4273	1015	65			
4282	1016	280			
4283	1017	241			
4281	1018	112			
4293	1019	37			
4292	1020	31			
4291	1021	187			
4302	1022	348			
4303	1023	265			
4301	1024	118			
4311	1025	111			
4313	1026	58			
4312	1027	188			
4323	1028	94			
4322	1029	11			
4332	1030	34			
4333	1031	5			
4331	1032	111			
4343	1033	28			
4341	1034	117			
4342	1035	34			
4353	1036	62			
4352	1037	59			
4351	1038	112			
4362	1039	74			
4363	1040	30			
4361	1041	120			
4373	1042	36			
4372	1043	1			
4371	1044	128			
4391	1045	130			
4402	1046	87			
4403	1047	79			
4412	1048	123			
4413	1049	101			
4411	1050	134			
4423	1051	363			
4422	1052	149			
4421	1053	148			
4433	1054	157			
4432	1055	197			
4431	1056	113			
4443	1057	67			
4442	1058	62			
4441	1059	128			
4453	1060	91			
4452	1061	50			
4451	1062	112			
4463	1063	1			
4462	1064	32			
4472	1065	145			
4473	1066	34			
4471	1067	114			
4483	1068	175			
4482	1069	36			
4481	1070	117			
4493	1071	1			
4492	1072	9			
4491	1073	111			
4502	1074	11			
4503	1075	20			
4512	1076	20			
4513	1077	30			
4511	1078	114			
4532	1079	10			
4533	1080	9			
4531	1081	175			
4543	1082	60			
4542	1083	136			
4541	1084	165			
4553	1085	172			
4552	1086	175			
4551	1087	143			
4563	1088	26			
4562	1089	63			
4561	1090	112			
4572	1091	47			
4573	1092	32			
4582	1093	20			
4583	1094	5			
4581	1095	113			
4593	1096	30			
4592	1097	26			
4591	1098	154			
4602	1099	36			
4603	1100	34			
4601	1101	114			
4613	1102	186			
4612	1103	186			
4611	1104	111			
4621	1105	136			
4623	1106	7			
4622	1107	24			
4633	1108	3			
4632	1109	8			
4631	1110	114			
4642	1111	31			
4643	1112	14			
4641	1113	111			
4652	1114	251			
4653	1115	66			
4651	1116	111			
4662	1117	27			
4663	1118	43			
4661	1119	115			
4673	1120	30			
4672	1121	14			
4682	1122	43			
4683	1123	90			
4692	1124	124			
4693	1125	46			
4702	1126	9			
4703	1127	3			
4712	1128	66			
4713	1129	20			
4711	1130	112			
4723	1131	23			
4722	1132	25			
4721	1133	127			
4733	1134	29			
4732	1135	94			
4731	1136	139			
4743	1137	17			
4742	1138	27			
4741	1139	118			
4752	1140	2			
4763	1141	32			
4762	1142	68			
4773	1143	61			
4772	1144	31			
4771	1145	130			
4783	1146	164			
4782	1147	73			
4781	1148	113			
4793	1149	102			
4792	1150	31			
4791	1151	112			
4803	1152	98			
4802	1153	269			
4801	1154	118			
4813	1155	85			
4812	1156	65			
4811	1157	112			
4823	1158	50			
4822	1159	16			
4821	1160	114			
4832	1161	62			
4833	1162	122			
4843	1163	71			
4842	1164	189			
4852	1165	110			
4853	1166	9			
4851	1167	113			
4863	1168	62			
4862	1169	45			
4861	1170	138			
4873	1171	18			
4872	1172	14			
4882	1173	1			
4893	1174	135			
4892	1175	94			
4891	1176	113			
4903	1177	301			
4902	1178	265			
4901	1179	129			
4913	1180	163			
4911	1181	129			
4912	1182	54			
4921	1183	191			
4923	1184	17			
4922	1185	45			
4933	1186	38			
4932	1187	42			
4943	1188	236			
4942	1189	334			
4941	1190	118			
4953	1191	176			
4952	1192	109			
4951	1193	124			
4963	1194	33			
4962	1195	8			
4961	1196	114			
4973	1197	13			
4972	1198	15			
4983	1199	101			
4982	1200	213			
4993	1201	500			
4992	1202	344			
4991	1203	130			
5003	1204	266			
5002	1205	276			
5012	1206	19			
5013	1207	28			
5011	1208	165			
5023	1209	123			
5022	1210	38			
5021	1211	121			
5031	1212	113			
5033	1213	3			
5043	1214	53			
5041	1215	112			
5042	1216	43			
